115
153
145
168
167
152
159
179
149
194
145
104
179
151
180
110
173
182
116
152
164
180
112
136
160
139
152
100
177
118
150
109
182
116
174
177
125
107
194
128
176
145
189
163
103
114
134
110
159
145
178
104
130
125
136
101
107
107
189
120
159
105
174
194
148
185
138
146
100
152
190
120
196
101
101
132
111
141
146
160
137
193
124
163
126
142
124
132
188
145
176
106
117
127
172
167
102
170
121
152
164
131
102
123
180
137
135
195
137
138
167
120
163
173
109
169
165
155
140
146
138
173
195
163
166
122
157
164
125
106
100
158
131
158
150
150
127
142
145
116
135
125
105
195
169
125
145
199
198
182
181
130
159
167
132
117
124
170
131
191
196
136
184
138
159
186
176
142
143
144
148
144
171
176
134
106
148
194
154
170
102
177
136
198
171
191
143
177
127
113
133
125
126
124
173
167
162
153
168
116
104
183
